%YAML:1.0
---
K: !!opencv-matrix
   rows: 3
   cols: 3
   dt: d
   data: [ 970.01717868128856, 0., 658.8431669403999, 0.,
       969.60245952164757, 377.22508794719448, 0., 0., 1. ]
D: !!opencv-matrix
   rows: 1
   cols: 5
   dt: d
   data: [ 0.16252528601160629, -0.54137900411045747,
       0.0022193591004406217, 0.00092418930592942834,
       0.57116413068467931 ]
